tensor([[[[0.0000, 0.1824, 0.1820,  ..., 0.1803, 0.1792, 0.1784],
          [0.0000, 0.2368, 0.2357,  ..., 0.2278, 0.2288, 0.2262],
          [0.0000, 0.2354, 0.2346,  ..., 0.2289, 0.2295, 0.2278],
          ...,
          [0.0000, 0.2405, 0.2393,  ..., 0.2340, 0.2297, 0.2291],
          [0.0000, 0.2397, 0.2374,  ..., 0.2314, 0.2307, 0.2311],
          [0.0000, 0.2397, 0.2374,  ..., 0.2318, 0.2312, 0.2283]],

         [[0.1606, 0.1693, 0.1683,  ..., 0.1637, 0.1636, 0.1644],
          [0.1942, 0.2131, 0.2123,  ..., 0.2043, 0.2050, 0.2063],
          [0.1942, 0.2131, 0.2122,  ..., 0.2049, 0.2052, 0.2067],
          ...,
          [0.1893, 0.2074, 0.2063,  ..., 0.2002, 0.2007, 0.2021],
          [0.1893, 0.2073, 0.2056,  ..., 0.1999, 0.2003, 0.2020],
          [0.1893, 0.2073, 0.2056,  ..., 0.2006, 0.2005, 0.2011]],

         [[0.1541, 0.2097, 0.2087,  ..., 0.2024, 0.2028, 0.2036],
          [0.1858, 0.2323, 0.2316,  ..., 0.2245, 0.2251, 0.2262],
          [0.1858, 0.2324, 0.2318,  ..., 0.2248, 0.2253, 0.2264],
          ...,
          [0.1880, 0.2348, 0.2332,  ..., 0.2282, 0.2284, 0.2297],
          [0.1880, 0.2346, 0.2330,  ..., 0.2281, 0.2284, 0.2294],
          [0.1880, 0.2346, 0.2330,  ..., 0.2284, 0.2284, 0.2290]],

         ...,

         [[0.7951, 0.9388, 0.9288,  ..., 0.8802, 0.8844, 0.8923],
          [0.1089, 0.3681, 0.3705,  ..., 0.3621, 0.3637, 0.3643],
          [0.1091, 0.3674, 0.3679,  ..., 0.3616, 0.3613, 0.3607],
          ...,
          [0.1099, 0.3628, 0.3606,  ..., 0.3581, 0.3573, 0.3581],
          [0.1099, 0.3669, 0.3651,  ..., 0.3630, 0.3584, 0.3580],
          [0.1099, 0.3669, 0.3651,  ..., 0.3617, 0.3597, 0.3581]],

         [[0.0000, 0.0000, 0.0000,  ..., 0.0000, 0.0000, 0.0000],
          [0.0000, 0.0000, 0.0000,  ..., 0.0000, 0.0000, 0.0000],
          [0.0000, 0.0000, 0.0000,  ..., 0.0000, 0.0000, 0.0000],
          ...,
          [0.0000, 0.0000, 0.0000,  ..., 0.0000, 0.0000, 0.0000],
          [0.0000, 0.0000, 0.0000,  ..., 0.0000, 0.0000, 0.0000],
          [0.0000, 0.0000, 0.0000,  ..., 0.0000, 0.0000, 0.0000]],

         [[0.0000, 0.0000, 0.0000,  ..., 0.0000, 0.0000, 0.0000],
          [0.0000, 0.0000, 0.0000,  ..., 0.0000, 0.0000, 0.0000],
          [0.0000, 0.0000, 0.0000,  ..., 0.0000, 0.0000, 0.0000],
          ...,
          [0.0000, 0.0000, 0.0000,  ..., 0.0000, 0.0000, 0.0000],
          [0.0000, 0.0000, 0.0000,  ..., 0.0000, 0.0000, 0.0000],
          [0.0000, 0.0000, 0.0000,  ..., 0.0000, 0.0000, 0.0000]]]],
       grad_fn=<HardtanhBackward0>)
torch.Size([1, 16, 64, 96])
